18.133503920603246 
19.554957601459208 
26.50561738081412 
27.016789683621695 
18.389461930535894 
14.719045616216599 
17.164184732837434 
9.930022155322217 
27.097629673029843 
19.592610934201915 
31.682119208585515 
26.601359884460052 
29.11826543263851 
6.52594716956968 
17.725817345742865 
1.2106919313953615 
20.947978816961232 
25.874188069273593 
14.275796512074777 
18.575954740699363 
27.585012712806613 
28.81989087058196 
25.705203424092616 
24.44789076130908 
22.49798769555257 
22.063522890060664 
19.46893243418658 
24.946652807851923 
26.00098296499944 
23.872680878443415 
23.468988081429835 
27.611859801448436 
29.769097428724884 
30.970796994109186 
26.993400056773098 
25.64999948852837 
24.502229055801532 
26.298863891756547 
19.58523524518533 
14.334084165017389 
18.84312100043977 
19.6694076392654 
25.51022119549328 
26.23680757348559 
26.736463670983117 
19.339061255365166 
23.303272346978268 
26.130135818277797 
25.608404491445143 
24.28240567119265 
25.626332516237465 
28.391974272598333 
27.843244853175765 
25.50665631754832 
33.29890619720021 
26.747533140549436 
26.180523154305863 
21.117295043334202 
21.072679994038875 
24.413060691557305 
24.05915520736717 
28.0395907186234 
26.957987726548303 
26.141588211396208 
29.41793172684627 
25.576208828273916 
21.730887482998487 
21.6409556870387 
21.814840315521412 
21.182821370379894 
22.039394826733435 
24.243974473918136 
26.85031603262293 
27.86093784133483 
34.20374001744519 
19.5145632167633 
22.436446551975635 
27.357596230800915 
15.227469102967206 
25.611388856553287 
29.199843717315005 
26.991967649180364 
32.664769339053 
35.06787356556302 
21.595761103822227 
21.555864188137225 
25.276437299328926 
22.68763327862509 
24.654310731779645 
18.116368886165002 
14.697207598354796 
8.915530375453685 
21.79933477911159 
23.646344039830197 
29.540499767398558 
30.315287364618058 
24.822492994357816 
20.605947475588042 
27.156979220574975 
31.175695149524177 
26.663295027186944 
30.078888109787158 
27.570123603054693 
25.065263648507106 
33.60891660004446 
31.035702012960655 
24.2926137157083 
